j : 0, eval : -2
9 9 1 
1 1 0 
0 0 0 

j : 1, eval : -2
9 9 1 
0 1 1 
0 0 0 

j : 2, eval : -2
9 9 1 
0 1 0 
1 0 0 

j : 3, eval : 1
9 9 1 
0 1 0 
0 1 0 

j : 4, eval : 1
9 9 1 
0 1 0 
0 0 1 

5 -2    9 9 1 
        0 1 0 
        0 0 0 

j : 0, eval : 1
9 1 1 
9 1 0 
0 0 0 

j : 1, eval : 1
9 0 1 
9 1 1 
0 0 0 

j : 2, eval : -2
9 0 1 
9 1 0 
1 0 0 

j : 3, eval : 1
9 0 1 
9 1 0 
0 1 0 

j : 4, eval : 1
9 0 1 
9 1 0 
0 0 1 

5 -2    9 0 1 
        9 1 0 
        0 0 0 

j : 0, eval : 1
9 1 1 
0 1 9 
0 0 0 

j : 1, eval : 1
9 0 1 
1 1 9 
0 0 0 

j : 2, eval : 1
9 0 1 
0 1 9 
1 0 0 

j : 3, eval : 1
9 0 1 
0 1 9 
0 1 0 

j : 4, eval : 1
9 0 1 
0 1 9 
0 0 1 

5 1     9 0 1 
        0 1 9 
        0 0 0 

j : 0, eval : 1
9 1 1 
0 1 0 
9 0 0 

j : 1, eval : 0
9 0 1 
1 1 0 
9 0 0 

j : 2, eval : 1
9 0 1 
0 1 1 
9 0 0 

j : 3, eval : 1
9 0 1 
0 1 0 
9 1 0 

j : 4, eval : 1
9 0 1 
0 1 0 
9 0 1 

5 0     9 0 1 
        0 1 0 
        9 0 0 

j : 0, eval : 1
9 1 1 
0 1 0 
0 9 0 

j : 1, eval : 1
9 0 1 
1 1 0 
0 9 0 

j : 2, eval : 1
9 0 1 
0 1 1 
0 9 0 

j : 3, eval : 1
9 0 1 
0 1 0 
1 9 0 

j : 4, eval : 1
9 0 1 
0 1 0 
0 9 1 

5 1     9 0 1 
        0 1 0 
        0 9 0 

j : 0, eval : -2
9 1 1 
0 1 0 
0 0 9 

j : 1, eval : -2
9 0 1 
1 1 0 
0 0 9 

j : 2, eval : 1
9 0 1 
0 1 1 
0 0 9 

j : 3, eval : -2
9 0 1 
0 1 0 
1 0 9 

j : 4, eval : -2
9 0 1 
0 1 0 
0 1 9 

5 -2    9 0 1 
        0 1 0 
        0 0 9 


subset

j : 0, eval : 1
9 9 1 
9 1 1 
0 1 0 

j : 1, eval : -2
9 9 1 
9 1 0 
1 1 0 

j : 2, eval : 1
9 9 1 
9 1 0 
0 1 1 

3 -2    9 9 1 
        9 1 0 
        0 1 0 

j : 0, eval : 1
9 9 1 
1 1 9 
0 1 0 

j : 1, eval : -2
9 9 1 
0 1 9 
1 1 0 

j : 2, eval : 0
9 9 1 
0 1 9 
0 1 1 

3 -2    9 9 1 
        0 1 9 
        0 1 0 

j : 0, eval : 0
9 9 1 
1 1 0 
9 1 0 

j : 1, eval : 1
9 9 1 
0 1 1 
9 1 0 

j : 2, eval : 1
9 9 1 
0 1 0 
9 1 1 

3 0     9 9 1 
        0 1 0 
        9 1 0 

j : 0, eval : -2
9 9 1 
1 1 0 
0 1 9 

j : 1, eval : -2
9 9 1 
0 1 1 
0 1 9 

j : 2, eval : -2
9 9 1 
0 1 0 
1 1 9 

3 -2    9 9 1 
        0 1 0 
        0 1 9 

0